386
516
785
448
295
111
616
381
608
67
161
208
667
335
251
980
660
700
468
537
333
565
100
126
997
407
468
928
483
237
51
784
239
982
27
268
23
729
659
420
998
532
362
275
260
730
48
494
618
93
3
47
871
907
510
448
785
351
836
493
392
864
418
597
269
449
867
681
582
17
622
120
746
114
667
77
715
150
552
953
130
258
328
881
550
290
226
375
595
707
115
275
412
664
545
702
910
813
820
356
170
372
107
77
664
562
219
586
512
148
99
758
192
1
17
919
330
425
909
315
806
943
906
659
389
704
227
313
125
195
720
385
713
621
839
508
95
258
84
399
860
104
745
135
328
557
967
267
99
49
154
299
922
349
942
457
690
478
384
668
794
940
928
882
462
212
671
859
903
802
854
540
289
26
274
335
784
186
605
851
670
724
669
986
970
239
876
703
810
105
461
631
130
622
532
991
990
418
781
602
281
23
848
457
854
542
194
633
732
369
677
227
782
238
97
57
107
153
91
259
967
126
230
91
266
36
741
79
800
341
69
828
743
571
308
821
939
110
936
931
471
617
457
373
296
402
202
819
7
656
88
208
307
909
985
559
861
802
92
335
715
305
561
660
131
926
1
333
850
9
460
756
420
65
544
294
400
253
72
6
473
938
100
861
97
51
349
377
301
768
246
577
287
658
412
640
810
190
419
314
816
745
449
657
728
668
662
18
208
253
321
173
237
615
279
556
930
765
265
306
296
605
389
448
189
776
96
739
871
690
180
111
997
849
710
810
467
812
459
600
955
488
689
303
151
327
108
450
527
699
604
735
878
209
34
412
823
59
415
553
530
778
226
897
872
878
976
219
234
906
908
919
606
72
242
404
591
537
388
529
532
517
762
877
10
302
413
761
313
128
497
898
729
833
225
73
249
211
906
705
750
783
710
480
249
539
965
507
862
937
53
205
312
516
260
373
972
828
890
215
511
35
192
24
132
58
968
458
658
653
683
724
863
902
86
810
295
55
777
670
994
42
954
312
364
611
543
283
179
562
153
910
590
653
80
196
929
878
774
501
555
637
814
749
146
748
585
65
282
602
115
376
139
591
874
909
504
346
981
897
161
497
409
19
52
284
258
311
40
946
285
76
524
17
733
881
95
429
882
23
872
396
942
531
773
350
318
885
876
290
870
530
381
855
596
327
319
450
956
888
301
543
867
80
70
473
398
48
930
477
775
687
657
272
549
467
902
708
114
149
153
236
431
318
821
84
377
456
945
901
726
673
681
967
615
435
623
513
91
998
802
454
389
289
944
491
750
342
456
881
417
234
323
801
608
26
592
653
534
645
604
212
244
834
469
150
944
490
941
66
819
110
580
341
569
281
574
943
285
738
883
509
107
702
910
830
273
41
727
261
781
560
497
981
510
767
682
440
797
419
306
886
319
583
863
148
292
743
909
137
217
62
566
257
989
340
355
190
420
178
389
426
354
694
547
35
853
691
60
417
242
417
924
558
645
643
373
109
56
379
437
812
934
947
7
15
595
555
628
574
771
475
458
697
814
164
205
621
326
651
70
683
72
109
925
285
383
942
556
881
683
917
770
727
353
250
832
896
577
585
222
901
971
795
147
843
447
910
647
14
103
117
501
67
201
342
368
697
239
156
185
751
324
913
646
673
513
852
798
643
516
90
558
114
592
827
389
463
663
900
772
714
86
982
470
19
275
388
632
652
646
586
954
826
50
345
728
259
176
661
182
221
717
553
378
979
326
285
45
176
399
725
8
644
102
369
818
418
661
148
425
428
163
556
91
239
461
218
602
522
433
11
186
418
610
687
751
493
396
306
297
829
717
801
501
556
903
20
911
766
449
941
977
533
73
19
338
950
481
559
784
125
499
456
939
649
349
427
472
871
148
255
258
94
602
971
129
222
166
306
239
192
459
317
647
297
583
351
769
742
759
623
309
155
710
181
895
556
15
532
660
758
849
519
559
866
966
502
91
643
294
20
418
246
433
848
914
674
27
551
981
26
667
691
340
322
734
391
833
603
812
190
757
422
300
114
562
68
643
83
713
842
11
584
988
708
436
733
386
646
263
448
297
632
905
66
765
765
758
319
654
480
470
807
136
955
18
474
150
444
997
32
645
669
371
442
817
779
862
194
193
420
473
490
161
821
497
675
198
46
498
823
988
503
245
23
486
277
647
667
934
568
714
890
462
199
949
63
95
88
230
878
791
24
366
156
748
677
191
75
774
949
592
185
387
10
116
895
629
728
161
580
49
34
602
425
65
331
849
742
